x^15 + x^6 
[6*T^2 + 6*T   0   0   0   0   0   4*T^4 + 2*T^3   0   0   0   0   0]
[0   4*T^4 + T^3 + 5*T^2   0   0   0   0   0   T^5 + 5*T^4   0   0   0   0]
[0   0   4*T^4 + 2*T^3   0   0   T^4 + 6*T^2   0   0   0   0   0   0]
[2*T^4 + 5*T^3 + 2*T^2   0   0   6*T^4   0   0   6*T^4   0   0   0   0   0]
[0   T^3 + 4*T^2   0   0   T^2   0   0   0   0   0   0   0]
[0   0   0   0   0   6*T^3   0   0   0   0   0   0]
[0   0   0   3*T^2   0   0   0   0   0   0   0   0]
[0   0   0   0   0   0   0   0   0   0   0   0]
[0   0   T   0   0   0   0   0   0   0   0   0]
[0   0   0   0   0   0   0   0   0   0   0   0]
[0   6   0   0   0   0   0   0   0   0   0   0]
[0   0   0   0   0   0   0   0   0   0   0   0] 
lower bound:  21 
a-number:  24 
 
x^15 + x^9 
[0   0   0   0   0   0   4*T^4 + 2*T^3   0   0   0   0   0]
[0   0   0   0   4*T^5 + T^3   0   0   0   0   0   0   0]
[0   0   5*T^4 + 6*T^3 + T^2   0   0   T^4 + 6*T^2   0   0   0   0   0   0]
[3*T^4 + 4*T^3 + 3*T^2   0   0   3*T^4 + 5*T^3 + 2*T^2   0   0   0   0   0   0   0   0]
[0   3*T^3 + 4*T^2 + T   0   0   T^2   0   0   0   0   0   0   0]
[0   0   3*T^2   0   0   0   0   0   0   0   0   0]
[4*T^2   0   0   3*T^2   0   0   0   0   0   0   0   0]
[0   5*T^2   0   0   0   0   0   0   0   0   0   0]
[0   0   T   0   0   0   0   0   0   0   0   0]
[2*T   0   0   0   0   0   0   0   0   0   0   0]
[0   6   0   0   0   0   0   0   0   0   0   0]
[0   0   0   0   0   0   0   0   0   0   0   0] 
lower bound:  21 
a-number:  23 
 
x^15 + x^9 + x^4 
[0   0   5*T^5 + 4*T^4 + 2*T^3 + 4*T^2   0   0   0   4*T^4 + 2*T^3   0   0   0   0   0]
[T^4 + 2*T^3 + 3*T^2   4*T^5 + 2*T^4 + 4*T^3   0   0   4*T^5 + T^3   6*T^4   0   0   0   6*T^5   0   0]
[T^4   T^4 + T^3 + 2*T^2 + 3*T   5*T^4 + 6*T^3 + T^2   5*T^4 + 6*T^3   0   T^4 + 6*T^2   0   6*T^4   0   0   0   0]
[5*T^3 + 3*T^2   6*T^4 + 5*T^3   0   3*T^4 + 5*T^3 + 2*T^2   5*T^4   5*T^4   0   0   0   0   0   0]
[3*T^3 + 4*T^2 + T   3*T^3 + 4*T^2 + T   T^3   5*T^3   T^2   0   0   0   0   0   0   0]
[T^3   6*T^3   3*T^2   4*T^3   0   0   0   0   0   0   0   0]
[4*T^2   0   0   3*T^2   0   0   0   0   0   0   0   0]
[0   5*T^2   0   0   0   0   0   0   0   0   0   0]
[0   0   T   0   0   0   0   0   0   0   0   0]
[2*T   0   0   0   0   0   0   0   0   0   0   0]
[0   6   0   0   0   0   0   0   0   0   0   0]
[0   0   0   0   0   0   0   0   0   0   0   0] 
lower bound:  21 
a-number:  23 
 
x^15 + x^11 
[0   0   0   0   0   0   4*T^4 + 2*T^3   0   0   0   0   0]
[0   0   5*T^5 + 4*T^4 + 2*T^3 + 4*T^2   0   0   0   0   0   0   0   0   0]
[0   0   0   0   0   T^4 + 6*T^2   0   0   0   T^4   0   0]
[0   T^4 + T^3 + 2*T^2 + 3*T   0   0   0   4*T^4 + 2*T^3   0   0   0   0   0   0]
[0   T^3 + 6*T^2 + 5*T   0   0   T^2   0   0   0   0   0   0   0]
[3*T^3 + 4*T^2 + T   0   0   0   6*T^3   0   0   0   0   0   0   0]
[5*T^2   0   0   3*T^2   0   0   0   0   0   0   0   0]
[0   0   0   0   0   0   0   0   0   0   0   0]
[0   0   T   0   0   0   0   0   0   0   0   0]
[0   0   0   0   0   0   0   0   0   0   0   0]
[0   6   0   0   0   0   0   0   0   0   0   0]
[0   0   0   0   0   0   0   0   0   0   0   0] 
lower bound:  21 
a-number:  21 
 
x^15 
[0   0   0   0   0   0   4*T^4 + 2*T^3   0   0   0   0   0]
[0   0   0   0   0   0   0   0   0   0   0   0]
[0   0   0   0   0   T^4 + 6*T^2   0   0   0   0   0   0]
[0   0   0   0   0   0   0   0   0   0   0   0]
[0   0   0   0   T^2   0   0   0   0   0   0   0]
[0   0   0   0   0   0   0   0   0   0   0   0]
[0   0   0   3*T^2   0   0   0   0   0   0   0   0]
[0   0   0   0   0   0   0   0   0   0   0   0]
[0   0   T   0   0   0   0   0   0   0   0   0]
[0   0   0   0   0   0   0   0   0   0   0   0]
[0   6   0   0   0   0   0   0   0   0   0   0]
[0   0   0   0   0   0   0   0   0   0   0   0] 
lower bound:  21 
a-number:  30 
 
x^15 + x^3 
[4*T^4 + T^3 + 5*T^2   0   0   5*T^5 + 4*T^4 + 2*T^3 + 4*T^2   0   0   4*T^4 + 2*T^3   0   0   0   0   0]
[0   T^5 + 2*T^4   0   0   3*T^5   0   0   4*T^5   0   0   0   0]
[0   0   3*T^4 + 5*T^3 + 2*T^2   0   0   T^4 + 6*T^2   0   0   0   0   0   0]
[5*T^4   0   0   3*T^4   0   0   0   0   0   0   0   0]
[0   3*T^3 + 4*T^2 + T   0   0   T^2   0   0   0   0   0   0   0]
[0   0   0   0   0   0   0   0   0   0   0   0]
[5*T^2   0   0   3*T^2   0   0   0   0   0   0   0   0]
[0   0   0   0   0   0   0   0   0   0   0   0]
[0   0   T   0   0   0   0   0   0   0   0   0]
[0   0   0   0   0   0   0   0   0   0   0   0]
[0   6   0   0   0   0   0   0   0   0   0   0]
[0   0   0   0   0   0   0   0   0   0   0   0] 
lower bound:  21 
a-number:  28 
 
